"ID","num_ants","ppsr"
1,51,9.54824112303881
2,NA,4.0563197508435
3,41,6.83590951454095
4,41,8.77624443441765
5,75,7.58782204838634
6,42,8.94246567445257
7,8,5.95409477644826
8,NA,5.02047102760448
9,32,7.95329725881641
10,46,6.41861995416487
11,91,9.42205577620445
12,14,8.01562847496007
13,84,9.23617324115494
14,101,8.51468662301216
15,72,9.05466878955326
16,NA,6.48556991546011
17,15,4.17947391116861
18,85,9.34033853393334
19,29,5.18458968469409
20,34,5.28828329569542
21,73,8.34181266059332
22,68,8.75772483425867
23,38,5.19641137535502
24,27,5.8541637111647
25,32,6.52823938210036
26,NA,6.77940870092237
27,3,3.60999164676056
28,46,8.44666735653594
29,83,7.25699841545311
30,37,8.45094259390503
31,81,6.72153381337096
32,102,7.90203467768424
33,90,8.34229868913858
34,30,9.3763127457784
35,71,10.3747753666596
36,9,4.54330339518358
37,11,5.101907105506
38,67,8.85080493728249
39,34,6.72572745891502
40,66,8.00593943018592
41,18,6.2504298984013
42,31,7.30930277658328
43,21,6.66467162296358
